,0,1
0,0,888202515573088257
1,1,873697596434513921
2,2,872668790621863937
3,3,872261713294495745
4,4,869988702071779329
5,5,866816280283807744
6,6,861769973181624320
7,7,856602993587888130
8,8,856330835276025856
9,9,851953902622658560
10,10,851861385021730816
11,11,845459076796616705
12,12,844704788403113984
13,13,842892208864923648
14,14,837366284874571778
15,15,837012587749474308
16,16,829374341691346946
17,17,827228250799742977
18,18,812747805718642688
19,19,802247111496568832
20,20,779123168116150273
21,21,775096608509886464
22,22,771004394259247104
23,23,770743923962707968
24,24,766864461642756096
25,25,759923798737051648
26,26,759566828574212096
27,27,754011816964026368
28,28,680055455951884288
